Rezultatul convolutiei (secvential):
   167    108     54    163     34    124    115    154    127    138 
   180    160     70    110     87    129     78    138    232    124 
   265    155    219    119    147    115    113    246    145    183 
   233    184    258    114    213    156     25    230    155    239 
    79     96    199    173    134    166    106    190    127    259 
   142    170    129    116    197    130     46    125     90    246 
   145     35    155    146     70     90    121    243    163    225 
   176    145    141     70    181    155    218    121     98     80 
   162    162    146    153    215    169    239    125     74     61 
   162    205     32    105    114     79    238    159     89     93 
