Rezultatul convolutiei (secvential):
    -9    -76    -81    -15    -62    -60     -9   -122     40    -41 
   -23   -119    -84     79    -73   -127     45   -144     10    -95 
    19    -64    -28    -61    -24   -129    -13     -9    -94    -25 
   -49    -69    -43   -178    -41    -35    -66      0    -92    -84 
   -58    -68     44    -68    -22    -11    -42   -113   -104    -55 
   -24    -87    -40    -63    -29    -50    -85   -194     49    -31 
    10     -2    -71    -48    -16    -48   -150     50    -27    -17 
   -75    -64    -15    -69      3   -104    -37     53    -34    -62 
  -174    -77   -100    109   -131    -60   -102    -44    -72    -99 
  -116     74    -41     19   -115    -21    -77    106   -182    -61 
